25,北京,北京大学,1,1,1,10001,2
25,北京,中国人民大学,1,1,1,10002,3
25,北京,清华大学,1,1,1,10003,1
25,北京,北京交通大学,1,1,0,10004,10
25,北京,北京航空航天大学,1,1,1,10006,5
25,北京,北京理工大学,1,1,1,10007,6
25,北京,北京科技大学,1,1,1,10008,8
25,北京,北方工业大学,0,0,0,10009,12
25,北京,北京化工大学,1,1,1,10010,7
25,北京,北京工商大学,0,0,0,10011,19
25,北京,北京邮电大学,0,1,1,10013,10
25,北京,北京林业大学,0,1,1,10022,13
25,北京,北京师范大学,1,1,1,10027,4
25,北京,首都师范大学,0,0,1,10028,15
25,北京,北京外国语大学,0,1,1,10030,18
25,北京,中国传媒大学,0,1,1,10033,16
25,北京,北京体育大学,0,1,1,10043,20
25,北京,华北电力大学,0,1,1,10054,9
10,山西,太原理工大学,0,1,1,10112,1
34,内蒙古,内蒙古大学,0,1,1,10126,1
18,辽宁,辽宁大学,0,1,1,10140,2
18,辽宁,大连理工大学,1,1,1,10141,1
18,辽宁,大连海事大学,0,1,1,10151,3
23,吉林,延边大学,0,1,1,10184,1
17,河北,燕山大学,0,0,0,10216,1
12,黑龙江,东北农业大学,0,1,1,10224,2
12,黑龙江,东北林业大学,0,1,1,10225,1
9,上海,复旦大学,1,1,1,10246,2
9,上海,同济大学,1,1,1,10247,3
9,上海,上海交通大学,1,1,1,10248,1
9,上海,华东理工大学,0,1,1,10251,6
9,上海,东华大学,0,1,1,10255,8
9,上海,华东师范大学,1,1,1,10269,5
9,上海,上海师范大学,0,0,0,10270,9
9,上海,上海外国语大学,0,1,1,10271,10
9,上海,华东政法大学,0,0,0,10276,4
9,上海,上海大学,0,1,1,10280,7
4,江苏,南京大学,1,1,1,10284,1
4,江苏,东南大学,1,1,1,10286,2
4,江苏,南京航空航天大学,0,1,1,10287,3
4,江苏,南京工业大学,0,0,0,10291,7
4,江苏,河海大学,0,1,1,10294,5
4,江苏,江南大学,0,1,1,10295,4
4,江苏,南通大学,0,0,0,10304,8
4,江苏,南京师范大学,0,1,1,10319,6
4,江苏,南京财经大学,0,0,0,10327,9
13,浙江,杭州电子科技大学,0,0,0,10336,3
13,浙江,浙江理工大学,0,0,0,10338,2
28,安徽,安徽大学,0,1,1,10357,3
28,安徽,合肥工业大学,0,1,1,10359,2
19,福建,厦门大学,1,1,1,10384,1
19,福建,华侨大学,0,0,0,10385,4
19,福建,福州大学,0,1,1,10386,2
19,福建,福建农林大学,0,0,0,10389,3
11,江西,南昌大学,0,1,1,10403,1
1,河南,郑州大学,0,1,1,10459,1
21,湖北,武汉大学,1,1,1,10486,1
21,湖北,华中科技大学,1,1,1,10487,2
21,湖北,武汉科技大学,0,0,0,10488,6
21,湖北,中国地质大学（武汉）,0,1,1,10491,5
21,湖北,华中农业大学,0,1,1,10504,4
21,湖北,华中师范大学,0,1,1,10511,3
21,湖北,湖北大学,0,0,0,10512,7
22,湖南,湖南大学,1,1,1,10532,2
22,湖南,中南大学,1,1,1,10533,1
22,湖南,湖南师范大学,0,1,1,10542,3
24,广东,华南理工大学,1,1,1,10561,1
29,广西,广西大学,0,1,1,10593,1
33,四川,四川大学,1,1,1,10610,1
33,四川,四川农业大学,0,1,1,10626,2
27,重庆,西南大学,0,1,1,10635,1
33,四川,西南财经大学,0,1,1,10651,3
14,贵州,贵州大学,0,1,1,10657,1
5,陕西,西北大学,0,1,1,10697,2
5,陕西,西安电子科技大学,0,1,1,10701,1
5,陕西,长安大学,0,1,1,10710,3
30,甘肃,兰州大学,1,1,1,10730,1
20,新疆,新疆大学,0,1,1,10755,2
20,新疆,石河子大学,0,1,1,10759,1
16,山东,青岛大学,0,0,0,11065,1
24,广东,广州大学,0,0,0,11078,2
25,北京,中国矿业大学（北京）,0,1,1,11413,17
25,北京,中国地质大学（北京）,0,1,1,11415,14
25,北京,北京联合大学,0,0,0,11417,18
9,上海,复旦大学医学部,1,1,1,20000,11
27,重庆,重庆大学,1,1,1,106111,2
28,安徽,中国科学技术大学,1,1,1,10358,1
13,浙江,浙江工业大学,0,0,0,10337,1